{"frames": [{"file_path": "r_0", "transform_matrix": [[0.8910066485404968, 0.1700676530599594, -0.42093247175216675, 0.10000000149011612], [-0.45399025082588196, 0.3337768018245697, -0.8261270523071289, 0.10000000149011612], [0.0, 0.9271839261054993, 0.3746064007282257, 5.0], [0.0, 0.0, 0.0, 1.0]], "camera": {"angle_x": 0.27517348527908325, "angle_y": 0.18409369885921478, "shift_x": 0.0, "shift_y": 0.0, "sensor_height": 24.0, "sensor_width": 36.0, "sensor_fit": "AUTO"}}, {"file_path": "r_1", "transform_matrix": [[-0.8987932205200195, 0.1570986807346344, -0.40925633907318115, 0.10000000149011612], [-0.43837282061576843, -0.3220984935760498, 0.8390958309173584, 19.899999618530273], [0.0, 0.9335805177688599, 0.3583677411079407, 5.0], [0.0, 0.0, 0.0, 1.0]], "camera": {"angle_x": 0.27517348527908325, "angle_y": 0.18409369885921478, "shift_x": 0.0, "shift_y": 0.0, "sensor_height": 24.0, "sensor_width": 36.0, "sensor_fit": "AUTO"}}, {"file_path": "r_2", "transform_matrix": [[-0.8987932205200195, -0.1570986807346344, 0.40925633907318115, 9.899999618530273], [0.43837282061576843, -0.3220984935760498, 0.8390958309173584, 19.899999618530273], [0.0, 0.9335805177688599, 0.3583677411079407, 5.0], [0.0, 0.0, 0.0, 1.0]], "camera": {"angle_x": 0.27517348527908325, "angle_y": 0.18409369885921478, "shift_x": 0.0, "shift_y": 0.0, "sensor_height": 24.0, "sensor_width": 36.0, "sensor_fit": "AUTO"}}, {"file_path": "r_3", "transform_matrix": [[0.8987941741943359, -0.15709799528121948, 0.4092545211315155, 9.899999618530273], [0.4383709132671356, 0.32209885120391846, -0.83909672498703, 0.10000000149011612], [0.0, 0.9335805177688599, 0.3583677411079407, 5.0], [0.0, 0.0, 0.0, 1.0]], "camera": {"angle_x": 0.27517348527908325, "angle_y": 0.18409369885921478, "shift_x": 0.0, "shift_y": 0.0, "sensor_height": 24.0, "sensor_width": 36.0, "sensor_fit": "AUTO"}}]}