{"frames": [{"file_path": "BL Wheel\\r_0.png", "transform_matrix": [[-1.0, -4.371138828673793e-08, 7.571034643660823e-08, 5.0], [8.742277657347586e-08, -0.4999999701976776, 0.866025447845459, 19.899999618530273], [0.0, 0.866025447845459, 0.4999999701976776, 5.0], [0.0, 0.0, 0.0, 1.0]], "angle_x": 1.6279237270355225, "angle_y": 1.2293258905410767, "shift_x": 0.0, "shift_y": 0.0, "sensor_height": 24.0, "sensor_width": 36.0, "sensor_fit": "AUTO"}, {"file_path": "BL Wheel\\r_1.png", "transform_matrix": [[1.0, 0.0, 0.0, 5.0], [0.0, 0.4999999701976776, -0.866025447845459, 0.10000000149011612], [0.0, 0.866025447845459, 0.4999999701976776, 5.0], [0.0, 0.0, 0.0, 1.0]], "angle_x": 1.6279237270355225, "angle_y": 1.2293258905410767, "shift_x": 0.0, "shift_y": 0.0, "sensor_height": 24.0, "sensor_width": 36.0, "sensor_fit": "AUTO"}, {"file_path": "BL Wheel\\r_2.png", "transform_matrix": [[-4.371138828673793e-08, 0.4999999701976776, -0.866025447845459, 0.10000000149011612], [-1.0, -2.1855694143368964e-08, 3.785517321830412e-08, 10.0], [0.0, 0.866025447845459, 0.4999999701976776, 5.0], [0.0, 0.0, 0.0, 1.0]], "angle_x": 1.6279237270355225, "angle_y": 1.2293258905410767, "shift_x": 0.0, "shift_y": 0.0, "sensor_height": 24.0, "sensor_width": 36.0, "sensor_fit": "AUTO"}, {"file_path": "BL Wheel\\r_3.png", "transform_matrix": [[-4.371138828673793e-08, -0.4999999701976776, 0.866025447845459, 9.899999618530273], [1.0, -2.1855694143368964e-08, 3.785517321830412e-08, 10.0], [0.0, 0.866025447845459, 0.4999999701976776, 5.0], [0.0, 0.0, 0.0, 1.0]], "angle_x": 1.6279237270355225, "angle_y": 1.2293258905410767, "shift_x": 0.0, "shift_y": 0.0, "sensor_height": 24.0, "sensor_width": 36.0, "sensor_fit": "AUTO"}, {"file_path": "BL Wheel\\r_4.png", "transform_matrix": [[-4.371138828673793e-08, -1.0, 0.0, 5.0], [1.0, -4.371138828673793e-08, 0.0, 10.0], [0.0, 0.0, 1.0, 5.900000095367432], [0.0, 0.0, 0.0, 1.0]], "angle_x": 1.6279237270355225, "angle_y": 1.2293258905410767, "shift_x": 0.0, "shift_y": 0.0, "sensor_height": 24.0, "sensor_width": 36.0, "sensor_fit": "AUTO"}, {"file_path": "BL Wheel\\r_5.png", "transform_matrix": [[0.7071067690849304, 0.3535533845424652, -0.6123724579811096, 0.10000000149011612], [-0.7071067690849304, 0.3535533547401428, -0.6123724579811096, 0.10000000149011612], [0.0, 0.866025447845459, 0.4999999701976776, 5.0], [0.0, 0.0, 0.0, 1.0]], "angle_x": 1.6279237270355225, "angle_y": 1.2293258905410767, "shift_x": 0.0, "shift_y": 0.0, "sensor_height": 24.0, "sensor_width": 36.0, "sensor_fit": "AUTO"}, {"file_path": "BL Wheel\\r_6.png", "transform_matrix": [[-0.7071067690849304, 0.3535533845424652, -0.6123724579811096, 0.10000000149011612], [-0.7071067690849304, -0.3535533845424652, 0.6123724579811096, 19.899999618530273], [0.0, 0.866025447845459, 0.4999999701976776, 5.0], [0.0, 0.0, 0.0, 1.0]], "angle_x": 1.6279237270355225, "angle_y": 1.2293258905410767, "shift_x": 0.0, "shift_y": 0.0, "sensor_height": 24.0, "sensor_width": 36.0, "sensor_fit": "AUTO"}, {"file_path": "BL Wheel\\r_7.png", "transform_matrix": [[-0.7071067690849304, -0.3535533845424652, 0.6123724579811096, 9.899999618530273], [0.7071067690849304, -0.3535533845424652, 0.6123724579811096, 19.899999618530273], [0.0, 0.866025447845459, 0.4999999701976776, 5.0], [0.0, 0.0, 0.0, 1.0]], "angle_x": 1.6279237270355225, "angle_y": 1.2293258905410767, "shift_x": 0.0, "shift_y": 0.0, "sensor_height": 24.0, "sensor_width": 36.0, "sensor_fit": "AUTO"}, {"file_path": "BL Wheel\\r_8.png", "transform_matrix": [[0.7071067690849304, -0.3535533845424652, 0.6123724579811096, 9.899999618530273], [0.7071067690849304, 0.3535533547401428, -0.6123724579811096, 0.10000000149011612], [0.0, 0.866025447845459, 0.4999999701976776, 5.0], [0.0, 0.0, 0.0, 1.0]], "angle_x": 1.6279237270355225, "angle_y": 1.2293258905410767, "shift_x": 0.0, "shift_y": 0.0, "sensor_height": 24.0, "sensor_width": 36.0, "sensor_fit": "AUTO"}, {"file_path": "BL Wheel\\r_9.png", "transform_matrix": [[-0.12288273870944977, 0.4533241391181946, 0.8828346729278564, 9.316401481628418], [0.8743547797203064, -0.37136685848236084, 0.31239449977874756, 10.844429969787598], [0.4694715142250061, 0.8102986216545105, -0.35073158144950867, 1.652327299118042], [0.0, 0.0, 0.0, 1.0]], "angle_x": 1.3942598104476929, "angle_y": 1.018329381942749, "shift_x": 0.0, "shift_y": 0.0, "sensor_height": 24.0, "sensor_width": 36.0, "sensor_fit": "AUTO"}, {"file_path": "BL Wheel\\r_10.png", "transform_matrix": [[-0.3120267689228058, 0.8418129086494446, -0.4404433071613312, 3.220688819885254], [-0.583672046661377, -0.5356378555297852, -0.6102614402770996, 5.976437568664551], [-0.7496440410614014, 0.06665655225515366, 0.6584760546684265, 3.430112838745117], [0.0, 0.0, 0.0, 1.0]], "angle_x": 1.3942598104476929, "angle_y": 1.018329381942749, "shift_x": 0.0, "shift_y": 0.0, "sensor_height": 24.0, "sensor_width": 36.0, "sensor_fit": "AUTO"}]}