{"frames": [{"file_path": "r_0", "transform_matrix": [[-1.0, -3.832361628042236e-08, 7.857507711150902e-08, 5.0], [8.742277657347586e-08, -0.43837106227874756, 0.8987941145896912, 19.899999618530273], [0.0, 0.8987941145896912, 0.43837106227874756, 5.0], [0.0, 0.0, 0.0, 1.0]], "camera": {"angle_x": 0.8457078337669373, "angle_y": 0.5829136371612549, "shift_x": 0.0, "shift_y": 0.0, "sensor_height": 24.0, "sensor_width": 36.0, "sensor_fit": "AUTO"}}, {"file_path": "r_1", "transform_matrix": [[1.0, 0.0, 0.0, 5.0], [0.0, 0.4694715142250061, -0.8829476237297058, 0.10000000149011612], [0.0, 0.8829476237297058, 0.4694715142250061, 5.0], [0.0, 0.0, 0.0, 1.0]], "camera": {"angle_x": 0.8457078337669373, "angle_y": 0.5829136371612549, "shift_x": 0.0, "shift_y": 0.0, "sensor_height": 24.0, "sensor_width": 36.0, "sensor_fit": "AUTO"}}, {"file_path": "r_2", "transform_matrix": [[-4.371138828673793e-08, 0.642787754535675, -0.7660443186759949, 0.10000000149011612], [-1.0, -2.809714594320667e-08, 3.348486288246022e-08, 10.0], [0.0, 0.7660443186759949, 0.642787754535675, 5.0], [0.0, 0.0, 0.0, 1.0]], "camera": {"angle_x": 0.8457078337669373, "angle_y": 0.5829136371612549, "shift_x": 0.0, "shift_y": 0.0, "sensor_height": 24.0, "sensor_width": 36.0, "sensor_fit": "AUTO"}}, {"file_path": "r_3", "transform_matrix": [[-4.371138828673793e-08, -0.6691307425498962, 0.743144690990448, 9.899999618530273], [1.0, -2.9248635513567933e-08, 3.248388580345818e-08, 10.0], [0.0, 0.743144690990448, 0.6691307425498962, 5.0], [0.0, 0.0, 0.0, 1.0]], "camera": {"angle_x": 0.8457078337669373, "angle_y": 0.5829136371612549, "shift_x": 0.0, "shift_y": 0.0, "sensor_height": 24.0, "sensor_width": 36.0, "sensor_fit": "AUTO"}}, {"file_path": "r_4", "transform_matrix": [[-4.371138828673793e-08, -1.0, 3.725290298461914e-09, 5.0], [1.0, -4.371138828673793e-08, 1.6283761071688655e-16, 10.0], [0.0, 3.725290298461914e-09, 1.0, 5.900000095367432], [0.0, 0.0, 0.0, 1.0]], "camera": {"angle_x": 0.8457078337669373, "angle_y": 0.5829136371612549, "shift_x": 0.0, "shift_y": 0.0, "sensor_height": 24.0, "sensor_width": 36.0, "sensor_fit": "AUTO"}}, {"file_path": "r_5", "transform_matrix": [[0.8829477429389954, 0.1909511238336563, -0.4288834035396576, 0.10000000149011612], [-0.4694713056087494, 0.35912707448005676, -0.8066129684448242, 0.10000000149011612], [0.0, 0.913545548915863, 0.40673649311065674, 5.0], [0.0, 0.0, 0.0, 1.0]], "camera": {"angle_x": 0.8457078337669373, "angle_y": 0.5829136371612549, "shift_x": 0.0, "shift_y": 0.0, "sensor_height": 24.0, "sensor_width": 36.0, "sensor_fit": "AUTO"}}]}