{"frames": [{"file_path": "r_0", "transform_matrix": [[-1.0, -4.371138828673793e-08, 7.571034643660823e-08, 5.0], [8.742277657347586e-08, -0.4999999701976776, 0.866025447845459, 19.899999618530273], [0.0, 0.866025447845459, 0.4999999701976776, 5.0], [0.0, 0.0, 0.0, 1.0]], "camera": {"angle_x": 1.6279237270355225, "angle_y": 1.2293258905410767, "shift_x": 0.0, "shift_y": 0.0, "sensor_height": 24.0, "sensor_width": 36.0, "sensor_fit": "AUTO"}}, {"file_path": "r_1", "transform_matrix": [[1.0, 0.0, 0.0, 5.0], [0.0, 0.4999999701976776, -0.866025447845459, 0.10000000149011612], [0.0, 0.866025447845459, 0.4999999701976776, 5.0], [0.0, 0.0, 0.0, 1.0]], "camera": {"angle_x": 1.6279237270355225, "angle_y": 1.2293258905410767, "shift_x": 0.0, "shift_y": 0.0, "sensor_height": 24.0, "sensor_width": 36.0, "sensor_fit": "AUTO"}}, {"file_path": "r_2", "transform_matrix": [[-4.371138828673793e-08, 0.4999999701976776, -0.866025447845459, 0.10000000149011612], [-1.0, -2.1855694143368964e-08, 3.785517321830412e-08, 10.0], [0.0, 0.866025447845459, 0.4999999701976776, 5.0], [0.0, 0.0, 0.0, 1.0]], "camera": {"angle_x": 1.6279237270355225, "angle_y": 1.2293258905410767, "shift_x": 0.0, "shift_y": 0.0, "sensor_height": 24.0, "sensor_width": 36.0, "sensor_fit": "AUTO"}}, {"file_path": "r_3", "transform_matrix": [[-4.371138828673793e-08, -0.4999999701976776, 0.866025447845459, 9.899999618530273], [1.0, -2.1855694143368964e-08, 3.785517321830412e-08, 10.0], [0.0, 0.866025447845459, 0.4999999701976776, 5.0], [0.0, 0.0, 0.0, 1.0]], "camera": {"angle_x": 1.6279237270355225, "angle_y": 1.2293258905410767, "shift_x": 0.0, "shift_y": 0.0, "sensor_height": 24.0, "sensor_width": 36.0, "sensor_fit": "AUTO"}}, {"file_path": "r_4", "transform_matrix": [[-4.371138828673793e-08, -1.0, 0.0, 5.0], [1.0, -4.371138828673793e-08, 0.0, 10.0], [0.0, 0.0, 1.0, 5.900000095367432], [0.0, 0.0, 0.0, 1.0]], "camera": {"angle_x": 1.6279237270355225, "angle_y": 1.2293258905410767, "shift_x": 0.0, "shift_y": 0.0, "sensor_height": 24.0, "sensor_width": 36.0, "sensor_fit": "AUTO"}}, {"file_path": "r_5", "transform_matrix": [[0.7071067690849304, 0.3535533845424652, -0.6123724579811096, 0.10000000149011612], [-0.7071067690849304, 0.3535533547401428, -0.6123724579811096, 0.10000000149011612], [0.0, 0.866025447845459, 0.4999999701976776, 5.0], [0.0, 0.0, 0.0, 1.0]], "camera": {"angle_x": 1.6279237270355225, "angle_y": 1.2293258905410767, "shift_x": 0.0, "shift_y": 0.0, "sensor_height": 24.0, "sensor_width": 36.0, "sensor_fit": "AUTO"}}, {"file_path": "r_6", "transform_matrix": [[-0.7071067690849304, 0.3535533845424652, -0.6123724579811096, 0.10000000149011612], [-0.7071067690849304, -0.3535533845424652, 0.6123724579811096, 19.899999618530273], [0.0, 0.866025447845459, 0.4999999701976776, 5.0], [0.0, 0.0, 0.0, 1.0]], "camera": {"angle_x": 1.6279237270355225, "angle_y": 1.2293258905410767, "shift_x": 0.0, "shift_y": 0.0, "sensor_height": 24.0, "sensor_width": 36.0, "sensor_fit": "AUTO"}}, {"file_path": "r_7", "transform_matrix": [[-0.7071067690849304, -0.3535533845424652, 0.6123724579811096, 9.899999618530273], [0.7071067690849304, -0.3535533845424652, 0.6123724579811096, 19.899999618530273], [0.0, 0.866025447845459, 0.4999999701976776, 5.0], [0.0, 0.0, 0.0, 1.0]], "camera": {"angle_x": 1.6279237270355225, "angle_y": 1.2293258905410767, "shift_x": 0.0, "shift_y": 0.0, "sensor_height": 24.0, "sensor_width": 36.0, "sensor_fit": "AUTO"}}, {"file_path": "r_8", "transform_matrix": [[0.848048210144043, -0.26495951414108276, 0.4589233696460724, 9.899999618530273], [0.5299190878868103, 0.4240241050720215, -0.7344313263893127, 0.10000000149011612], [0.0, 0.866025447845459, 0.4999999701976776, 5.0], [0.0, 0.0, 0.0, 1.0]], "camera": {"angle_x": 1.328092336654663, "angle_y": 0.9617745280265808, "shift_x": 0.0, "shift_y": 0.0, "sensor_height": 24.0, "sensor_width": 36.0, "sensor_fit": "AUTO"}}, {"file_path": "r_9", "transform_matrix": [[-0.3120267689228058, 0.8418129086494446, -0.4404433071613312, 3.220688819885254], [-0.583672046661377, -0.5356378555297852, -0.6102614402770996, 5.976437568664551], [-0.7496440410614014, 0.06665655225515366, 0.6584760546684265, 3.430112838745117], [0.0, 0.0, 0.0, 1.0]], "camera": {"angle_x": 1.3942598104476929, "angle_y": 1.018329381942749, "shift_x": 0.0, "shift_y": 0.0, "sensor_height": 24.0, "sensor_width": 36.0, "sensor_fit": "AUTO"}}]}