{"frames": [{"file_path": "r_0", "transform_matrix": [[-1.0, -3.832361628042236e-08, 7.857507711150902e-08, 5.0], [8.742277657347586e-08, -0.43837106227874756, 0.8987941145896912, 19.899999618530273], [0.0, 0.8987941145896912, 0.43837106227874756, 5.0], [0.0, 0.0, 0.0, 1.0]], "camera": {"angle_x": 0.6911112070083618, "angle_y": 0.4710899591445923, "shift_x": 0.0, "shift_y": 0.0, "sensor_height": 24.0, "sensor_width": 36.0, "sensor_fit": "AUTO"}}, {"file_path": "r_1", "transform_matrix": [[1.0, 0.0, 0.0, 5.0], [0.0, 0.4694715142250061, -0.8829476237297058, 0.10000000149011612], [0.0, 0.8829476237297058, 0.4694715142250061, 5.0], [0.0, 0.0, 0.0, 1.0]], "camera": {"angle_x": 0.9986934661865234, "angle_y": 0.6975420117378235, "shift_x": 0.0, "shift_y": 0.0, "sensor_height": 24.0, "sensor_width": 36.0, "sensor_fit": "AUTO"}}, {"file_path": "r_2", "transform_matrix": [[0.8829477429389954, 0.1909511238336563, -0.4288834035396576, 0.10000000149011612], [-0.4694713056087494, 0.35912707448005676, -0.8066129684448242, 0.10000000149011612], [0.0, 0.913545548915863, 0.40673649311065674, 5.0], [0.0, 0.0, 0.0, 1.0]], "camera": {"angle_x": 0.8457078337669373, "angle_y": 0.5829136371612549, "shift_x": 0.0, "shift_y": 0.0, "sensor_height": 24.0, "sensor_width": 36.0, "sensor_fit": "AUTO"}}, {"file_path": "r_3", "transform_matrix": [[-0.882946789264679, -0.19095182418823242, 0.42888498306274414, 9.899999618530273], [0.4694730341434479, -0.3591266870498657, 0.8066120743751526, 19.899999618530273], [0.0, 0.913545548915863, 0.40673649311065674, 5.0], [0.0, 0.0, 0.0, 1.0]], "camera": {"angle_x": 0.6911112070083618, "angle_y": 0.4710899591445923, "shift_x": 0.0, "shift_y": 0.0, "sensor_height": 24.0, "sensor_width": 36.0, "sensor_fit": "AUTO"}}, {"file_path": "r_4", "transform_matrix": [[0.8987941741943359, -0.1852634996175766, 0.39729899168014526, 9.899999618530273], [0.4383709132671356, 0.3798467218875885, -0.8145841956138611, 0.10000000149011612], [0.0, 0.9063078165054321, 0.42261815071105957, 5.0], [0.0, 0.0, 0.0, 1.0]], "camera": {"angle_x": 1.1426749229431152, "angle_y": 0.8097835779190063, "shift_x": 0.0, "shift_y": 0.0, "sensor_height": 24.0, "sensor_width": 36.0, "sensor_fit": "AUTO"}}]}