{"frames": [{"file_path": "r_0", "transform_matrix": [[1.0, 0.0, 0.0, 5.0], [0.0, 0.39073097705841064, -0.9205049276351929, 0.10000000149011612], [0.0, 0.9205049276351929, 0.39073097705841064, 5.0], [0.0, 0.0, 0.0, 1.0]], "camera": {"angle_x": 0.21097861230373383, "angle_y": 0.14094269275665283, "shift_x": 0.0, "shift_y": 0.0, "sensor_height": 24.0, "sensor_width": 36.0, "sensor_fit": "AUTO"}}, {"file_path": "r_1", "transform_matrix": [[-4.371138828673793e-08, 0.642787754535675, -0.7660443186759949, 0.10000000149011612], [-1.0, -2.809714594320667e-08, 3.348486288246022e-08, 10.0], [0.0, 0.7660443186759949, 0.642787754535675, 5.0], [0.0, 0.0, 0.0, 1.0]], "camera": {"angle_x": 0.3947911262512207, "angle_y": 0.2651030719280243, "shift_x": 0.0, "shift_y": 0.0, "sensor_height": 24.0, "sensor_width": 36.0, "sensor_fit": "AUTO"}}, {"file_path": "r_2", "transform_matrix": [[-4.371138828673793e-08, -0.6691307425498962, 0.743144690990448, 9.899999618530273], [1.0, -2.9248635513567933e-08, 3.248388580345818e-08, 10.0], [0.0, 0.743144690990448, 0.6691307425498962, 5.0], [0.0, 0.0, 0.0, 1.0]], "camera": {"angle_x": 0.4426288604736328, "angle_y": 0.29777991771698, "shift_x": 0.0, "shift_y": 0.0, "sensor_height": 24.0, "sensor_width": 36.0, "sensor_fit": "AUTO"}}, {"file_path": "r_3", "transform_matrix": [[0.8910066485404968, 0.16269546747207642, -0.42383643984794617, 0.10000000149011612], [-0.45399025082588196, 0.3193080425262451, -0.8318264484405518, 0.10000000149011612], [0.0, 0.9335805177688599, 0.3583677411079407, 5.0], [0.0, 0.0, 0.0, 1.0]], "camera": {"angle_x": 0.19933730363845825, "angle_y": 0.1331363320350647, "shift_x": 0.0, "shift_y": 0.0, "sensor_height": 24.0, "sensor_width": 36.0, "sensor_fit": "AUTO"}}, {"file_path": "r_4", "transform_matrix": [[-0.8987932205200195, 0.14993223547935486, -0.4119357466697693, 0.10000000149011612], [-0.43837282061576843, -0.3074052035808563, 0.8445894122123718, 19.899999618530273], [0.0, 0.9396926760673523, 0.3420199155807495, 5.0], [0.0, 0.0, 0.0, 1.0]], "camera": {"angle_x": 0.19933730363845825, "angle_y": 0.1331363320350647, "shift_x": 0.0, "shift_y": 0.0, "sensor_height": 24.0, "sensor_width": 36.0, "sensor_fit": "AUTO"}}, {"file_path": "r_5", "transform_matrix": [[-0.882946789264679, -0.16056913137435913, 0.4411603808403015, 9.899999618530273], [0.4694730341434479, -0.30198541283607483, 0.8296986818313599, 19.899999618530273], [0.0, 0.9396926760673523, 0.3420199155807495, 5.0], [0.0, 0.0, 0.0, 1.0]], "camera": {"angle_x": 0.19933730363845825, "angle_y": 0.1331363320350647, "shift_x": 0.0, "shift_y": 0.0, "sensor_height": 24.0, "sensor_width": 36.0, "sensor_fit": "AUTO"}}]}