{"frames": [{"file_path": "r_0", "transform_matrix": [[0.8908709287643433, 0.17721283435821533, -0.4182637333869934, 0.10000000149011612], [-0.4539211094379425, 0.31191107630729675, -0.8346658945083618, 0.10000000149011612], [-0.017452405765652657, 0.9334383010864258, 0.3583131730556488, 5.0], [0.0, 0.0, 0.0, 1.0]], "camera": {"angle_x": 0.16476386785507202, "angle_y": 0.1099807545542717, "shift_x": 0.0, "shift_y": 0.0, "sensor_height": 24.0, "sensor_width": 36.0, "sensor_fit": "AUTO"}}, {"file_path": "r_1", "transform_matrix": [[0.8987941741943359, -0.15709799528121948, 0.4092545211315155, 9.789997100830078], [0.4383709132671356, 0.32209885120391846, -0.83909672498703, 0.07000000774860382], [0.0, 0.9335805177688599, 0.3583677411079407, 5.040000915527344], [0.0, 0.0, 0.0, 1.0]], "camera": {"angle_x": 0.17951636016368866, "angle_y": 0.11985630542039871, "shift_x": 0.0, "shift_y": 0.0, "sensor_height": 24.0, "sensor_width": 36.0, "sensor_fit": "AUTO"}}, {"file_path": "r_2", "transform_matrix": [[-0.8987932205200195, -0.14993223547935486, 0.4119357466697693, 9.899999618530273], [0.43837282061576843, -0.3074052035808563, 0.8445894122123718, 19.899999618530273], [0.0, 0.9396926760673523, 0.3420199155807495, 5.0], [0.0, 0.0, 0.0, 1.0]], "camera": {"angle_x": 0.19192208349704742, "angle_y": 0.12816651165485382, "shift_x": 0.0, "shift_y": 0.0, "sensor_height": 24.0, "sensor_width": 36.0, "sensor_fit": "AUTO"}}, {"file_path": "r_3", "transform_matrix": [[-0.8987932205200195, 0.14993223547935486, -0.4119357466697693, 0.10000000149011612], [-0.43837282061576843, -0.3074052035808563, 0.8445894122123718, 19.899999618530273], [0.0, 0.9396926760673523, 0.3420199155807495, 5.0], [0.0, 0.0, 0.0, 1.0]], "camera": {"angle_x": 0.1939840018749237, "angle_y": 0.12954825162887573, "shift_x": 0.0, "shift_y": 0.0, "sensor_height": 24.0, "sensor_width": 36.0, "sensor_fit": "AUTO"}}, {"file_path": "r_4", "transform_matrix": [[-4.371138828673793e-08, -1.0, 3.725290298461914e-09, 5.0], [1.0, -4.371138828673793e-08, 1.6283761071688655e-16, 10.0], [0.0, 3.725290298461914e-09, 1.0, 5.900000095367432], [0.0, 0.0, 0.0, 1.0]], "camera": {"angle_x": 0.4710899591445923, "angle_y": 0.31731051206588745, "shift_x": 0.0, "shift_y": 0.0, "sensor_height": 24.0, "sensor_width": 36.0, "sensor_fit": "AUTO"}}]}